/home/xuechao.shi/FER/FER_detector_lmks_tools/web_mutil_face/003.jpg 4945.8931 1453.2899 5088.1372 1620.1411 4980.5981 1515.5199 5046.2876 1512.6771 5014.8306 1550.2838 4990.8428 1576.7175 5045.2764 1574.2205
/home/xuechao.shi/FER/FER_detector_lmks_tools/web_mutil_face/003.jpg 315.2039 1496.5574 453.4230 1654.6077 354.9195 1559.6404 419.8303 1553.9746 392.9780 1585.9982 363.5614 1610.6619 420.3799 1606.0651
/home/xuechao.shi/FER/FER_detector_lmks_tools/web_mutil_face/003.jpg 1934.8278 1470.8325 2059.5359 1625.0690 1965.9230 1528.4213 2023.2521 1530.8278 1990.7157 1559.1216 1968.0529 1581.8972 2017.4298 1583.6548
/home/xuechao.shi/FER/FER_detector_lmks_tools/web_mutil_face/003.jpg 977.8594 1544.4139 1100.3527 1707.0677 1018.3823 1603.5532 1075.1069 1608.6812 1048.9132 1637.2493 1017.9941 1661.5957 1067.0402 1665.8397
/home/xuechao.shi/FER/FER_detector_lmks_tools/web_mutil_face/003.jpg 2033.5582 1004.5287 2125.3757 1121.4025 2055.9805 1049.9777 2096.2883 1047.5204 2076.6523 1074.2228 2063.5955 1094.3385 2095.2766 1092.4708
/home/xuechao.shi/FER/FER_detector_lmks_tools/web_mutil_face/003.jpg 2562.9507 919.6339 2672.9324 1064.7513 2593.3503 974.9086 2640.8057 974.3307 2615.6760 1001.3214 2597.4287 1026.2329 2637.4460 1025.6455
/home/xuechao.shi/FER/FER_detector_lmks_tools/web_mutil_face/003.jpg 1146.0674 1023.9662 1248.4034 1152.4668 1174.4355 1073.9209 1223.0610 1070.7242 1200.6138 1092.2667 1179.4037 1116.8271 1220.5662 1114.5367
/home/xuechao.shi/FER/FER_detector_lmks_tools/web_mutil_face/003.jpg 4218.9712 997.8548 4318.4414 1120.1224 4239.7935 1039.7069 4284.0366 1039.3572 4257.9009 1064.4670 4244.5366 1086.2782 4280.8403 1085.9633
/home/xuechao.shi/FER/FER_detector_lmks_tools/web_mutil_face/003.jpg 2666.7146 1478.6453 2792.6077 1632.6157 2694.5044 1535.1250 2749.7195 1538.5859 2713.7622 1564.5581 2694.3882 1589.0115 2740.4827 1591.6000
/home/xuechao.shi/FER/FER_detector_lmks_tools/web_mutil_face/003.jpg 916.8463 1022.9122 1021.7518 1150.1262 942.6671 1069.4897 991.9352 1068.4441 967.8409 1093.6332 948.1546 1114.0634 990.1256 1113.3635
/home/xuechao.shi/FER/FER_detector_lmks_tools/web_mutil_face/003.jpg 2318.6584 967.0018 2426.8862 1086.6420 2347.8582 1007.4839 2398.6477 1001.5897 2378.6455 1028.2920 2358.5815 1052.7313 2401.7085 1048.2800
/home/xuechao.shi/FER/FER_detector_lmks_tools/web_mutil_face/003.jpg 3450.1091 1513.2593 3566.9929 1660.1298 3473.5022 1566.7234 3525.6790 1570.5499 3490.6997 1593.3363 3472.4851 1616.7054 3518.2239 1619.5536
/home/xuechao.shi/FER/FER_detector_lmks_tools/web_mutil_face/003.jpg 4469.5151 1003.7040 4579.2168 1138.2701 4493.1577 1052.7103 4544.9434 1051.4244 4516.8398 1078.9163 4498.1948 1102.3235 4541.0117 1101.3876
/home/xuechao.shi/FER/FER_detector_lmks_tools/web_mutil_face/003.jpg 3099.6533 959.3059 3204.7852 1090.2750 3120.4353 1010.6345 3170.3518 1003.9355 3144.9167 1031.0573 3128.3379 1055.0027 3172.5090 1049.9266
/home/xuechao.shi/FER/FER_detector_lmks_tools/web_mutil_face/003.jpg 3355.1562 998.9406 3461.8772 1133.2983 3377.4094 1047.8214 3426.4170 1048.4110 3396.7480 1071.2585 3379.7832 1095.8267 3420.1782 1096.3086
/home/xuechao.shi/FER/FER_detector_lmks_tools/web_mutil_face/003.jpg 378.3565 1012.3485 498.2129 1158.5996 420.3025 1070.4733 473.2475 1071.0862 451.0541 1100.3597 423.4018 1119.4200 467.8987 1120.0244
/home/xuechao.shi/FER/FER_detector_lmks_tools/web_mutil_face/003.jpg 3676.6838 994.6613 3786.2412 1121.1677 3709.3042 1038.3923 3758.9905 1044.0912 3730.2222 1064.0201 3704.8086 1081.4426 3747.8066 1086.0083
/home/xuechao.shi/FER/FER_detector_lmks_tools/web_mutil_face/003.jpg 3038.6880 1517.3029 3155.4727 1665.1365 3069.3645 1573.6733 3121.1118 1576.6034 3092.1001 1604.1624 3070.7307 1624.8373 3114.8799 1627.0039
/home/xuechao.shi/FER/FER_detector_lmks_tools/web_mutil_face/003.jpg 3898.9209 1027.6294 4005.4568 1152.7345 3924.7854 1070.0956 3974.2915 1069.0315 3949.4805 1094.6141 3929.8967 1117.3082 3971.8889 1116.5037
/home/xuechao.shi/FER/FER_detector_lmks_tools/web_mutil_face/003.jpg 2267.1248 1564.0115 2388.4954 1718.6482 2305.1252 1616.7136 2360.5193 1622.7151 2332.9863 1650.1923 2304.2085 1673.3438 2351.9219 1678.2423
/home/xuechao.shi/FER/FER_detector_lmks_tools/web_mutil_face/003.jpg 2829.8701 974.1990 2932.9084 1107.5284 2851.1565 1024.0298 2899.3374 1023.2685 2871.6372 1048.2592 2855.4341 1070.3315 2897.1580 1069.7113
/home/xuechao.shi/FER/FER_detector_lmks_tools/web_mutil_face/003.jpg 1412.2382 984.4462 1518.9364 1111.4990 1443.0826 1029.7268 1493.0350 1030.4302 1468.8425 1056.2731 1446.4001 1076.5146 1487.7938 1077.1941
/home/xuechao.shi/FER/FER_detector_lmks_tools/web_mutil_face/003.jpg 1619.9031 1535.2587 1733.5197 1681.1094 1656.4004 1591.0922 1706.9830 1589.5594 1686.6447 1617.5376 1662.2760 1640.1820 1707.1521 1639.0673
/home/xuechao.shi/FER/FER_detector_lmks_tools/web_mutil_face/003.jpg 4698.3550 1069.5071 4814.7476 1204.7374 4724.8760 1116.3326 4777.2402 1113.7009 4750.5684 1142.6947 4734.6636 1167.3832 4777.1709 1165.0322
/home/xuechao.shi/FER/FER_detector_lmks_tools/web_mutil_face/003.jpg 4561.0737 1490.2764 4687.6992 1635.4958 4590.6162 1544.5876 4645.5928 1545.8739 4610.7310 1568.4681 4591.7373 1592.9971 4637.4971 1593.7041
/home/xuechao.shi/FER/FER_detector_lmks_tools/web_mutil_face/003.jpg 1280.8639 1522.9534 1392.3917 1670.6414 1311.7772 1579.7826 1361.5238 1576.5924 1338.6036 1601.4163 1317.4987 1628.8345 1362.5715 1626.2793
/home/xuechao.shi/FER/FER_detector_lmks_tools/web_mutil_face/003.jpg 3745.5464 1525.7384 3859.4705 1674.6868 3781.0430 1584.4360 3833.0500 1580.3354 3811.7346 1609.5610 3787.9326 1635.1989 3833.7815 1631.9795
/home/xuechao.shi/FER/FER_detector_lmks_tools/web_mutil_face/003.jpg 1704.1769 999.3876 1813.9590 1131.0533 1733.3685 1045.3682 1785.6222 1040.8612 1763.0043 1067.1969 1742.0066 1096.5327 1783.8878 1093.1147
/home/xuechao.shi/FER/FER_detector_lmks_tools/web_mutil_face/003.jpg 663.2907 1049.9305 770.3359 1172.6847 699.3336 1091.1329 749.9708 1085.9480 732.8893 1113.7699 708.7886 1140.1736 749.7719 1136.3260
/home/xuechao.shi/FER/FER_detector_lmks_tools/web_mutil_face/003.jpg 674.6385 1572.3262 791.9034 1716.8053 713.4921 1631.5634 765.9711 1631.5845 743.2825 1658.1075 716.3783 1676.4125 762.7680 1676.4384
/home/xuechao.shi/FER/FER_detector_lmks_tools/web_mutil_face/003.jpg 4206.1030 1594.7051 4308.9385 1710.3951 4232.6763 1631.3810 4278.5654 1626.8573 4257.1392 1651.9297 4240.3276 1677.9893 4278.5469 1674.4701
/home/xuechao.shi/FER/FER_detector_lmks_tools/web_mutil_face/010.jpg 776.5259 129.6790 843.3503 214.8386 792.7037 164.1758 823.2607 159.9339 808.5120 175.2378 797.4485 193.6880 823.2731 189.9946
/home/xuechao.shi/FER/FER_detector_lmks_tools/web_mutil_face/010.jpg 725.7151 433.1300 794.9995 524.4366 743.3922 470.2246 775.7556 466.7601 761.0052 486.1133 746.4766 499.2452 777.5205 496.3115
/home/xuechao.shi/FER/FER_detector_lmks_tools/web_mutil_face/010.jpg 881.3503 413.3505 952.9590 503.2188 894.5321 448.9467 927.8369 444.8510 908.9932 463.6508 900.2102 480.0898 929.4636 476.5400
/home/xuechao.shi/FER/FER_detector_lmks_tools/web_mutil_face/010.jpg 566.6965 102.9177 628.9096 180.4904 582.0955 135.7734 611.3987 132.0610 598.1602 149.1286 586.5199 161.4442 611.8967 158.2147
/home/xuechao.shi/FER/FER_detector_lmks_tools/web_mutil_face/010.jpg 981.5709 321.6611 1042.5425 406.6897 999.2916 355.1790 1027.7582 356.9532 1013.1156 371.0464 997.5970 381.8784 1024.4290 383.4445
/home/xuechao.shi/FER/FER_detector_lmks_tools/web_mutil_face/010.jpg 91.7359 147.3659 152.8832 221.5022 111.9878 173.4626 139.8914 177.5200 126.6828 191.9978 110.6432 200.3560 134.3721 203.8818
/home/xuechao.shi/FER/FER_detector_lmks_tools/web_mutil_face/010.jpg 19.5225 124.4173 77.8110 199.9337 31.1143 153.2628 58.2328 150.3079 43.2906 161.7902 35.8479 180.4074 58.1423 177.6454
/home/xuechao.shi/FER/FER_detector_lmks_tools/web_mutil_face/010.jpg 638.9480 375.3286 699.8929 461.8575 652.9821 407.9985 681.4903 408.2624 665.1537 422.8227 653.2171 435.7104 681.3190 435.8959
/home/xuechao.shi/FER/FER_detector_lmks_tools/web_mutil_face/010.jpg 126.8633 425.7707 190.6644 510.0622 145.0764 459.9412 175.5393 457.2844 162.9912 472.7267 147.2794 485.8718 176.8410 483.6208
/home/xuechao.shi/FER/FER_detector_lmks_tools/web_mutil_face/010.jpg 669.4846 144.4428 732.6417 219.9459 685.8167 180.3416 713.7742 169.5735 704.4172 187.4279 694.2833 203.1438 719.4203 194.0590
/home/xuechao.shi/FER/FER_detector_lmks_tools/web_mutil_face/010.jpg 855.2672 23.0847 914.2948 99.8615 873.5471 49.8990 899.9419 54.4867 884.6565 65.5037 870.2603 75.6130 894.4462 79.6190
/home/xuechao.shi/FER/FER_detector_lmks_tools/web_mutil_face/010.jpg 549.5457 299.8150 611.4869 379.6898 562.6686 340.3364 588.3617 327.9925 579.8424 349.6130 575.0353 362.8122 599.5288 352.2180
/home/xuechao.shi/FER/FER_detector_lmks_tools/web_mutil_face/010.jpg 927.3491 136.7175 988.3016 211.5117 940.3268 173.7798 965.4743 162.2060 955.9789 181.5524 950.1229 194.7891 974.4776 185.0039
/home/xuechao.shi/FER/FER_detector_lmks_tools/web_mutil_face/010.jpg 257.6490 165.8139 321.9545 248.9173 275.5641 195.4527 305.6859 197.2889 290.8071 213.5265 275.8658 223.2732 305.0841 224.7755
/home/xuechao.shi/FER/FER_detector_lmks_tools/web_mutil_face/010.jpg 466.2731 343.2469 524.5232 420.2757 484.4215 371.1825 511.0959 376.3447 496.6996 388.9128 480.4985 394.8875 507.2097 399.2720
/home/xuechao.shi/FER/FER_detector_lmks_tools/web_mutil_face/010.jpg 502.5668 452.9908 568.7885 538.4736 518.9429 487.7926 549.9246 485.7215 534.0400 501.6052 520.1705 514.0966 550.7589 512.4162
/home/xuechao.shi/FER/FER_detector_lmks_tools/web_mutil_face/010.jpg 165.3728 91.3874 227.0927 176.0146 183.6620 124.7902 212.5221 123.1845 200.4141 140.3794 184.0740 150.0361 214.3234 148.7659
/home/xuechao.shi/FER/FER_detector_lmks_tools/web_mutil_face/010.jpg 250.9012 439.9755 309.4524 520.7017 268.4604 469.7120 295.5752 469.9458 283.3354 485.5748 268.3931 496.2469 295.1821 496.4681
/home/xuechao.shi/FER/FER_detector_lmks_tools/web_mutil_face/010.jpg 673.4727 63.7689 728.2653 131.7928 688.2147 88.3399 713.3881 89.0911 700.0746 99.2194 687.6745 110.3098 711.4618 110.9090
/home/xuechao.shi/FER/FER_detector_lmks_tools/web_mutil_face/010.jpg 346.4252 488.6761 414.7267 538.4736 366.3493 523.0849 396.6220 524.0567 380.6628 540.3346 366.9872 550.8919 390.5384 551.6927
/home/xuechao.shi/FER/FER_detector_lmks_tools/web_mutil_face/010.jpg 732.7434 120.6176 785.3398 191.1452 749.0045 151.2944 771.2200 146.1917 764.0845 160.5878 756.0241 175.7409 773.4040 171.4760
/home/xuechao.shi/FER/FER_detector_lmks_tools/web_mutil_face/010.jpg 353.7766 110.2059 407.6186 179.8591 366.1548 136.2930 391.3337 135.0470 378.7999 150.4538 368.5467 159.4482 393.0138 158.2604
/home/xuechao.shi/FER/FER_detector_lmks_tools/web_mutil_face/010.jpg 488.2224 119.0648 545.5475 189.0229 500.2411 150.2455 524.5259 139.9972 515.7817 157.4710 512.5536 174.4349 532.7321 165.4352
/home/xuechao.shi/FER/FER_detector_lmks_tools/web_mutil_face/010.jpg 70.4104 76.3005 129.7299 143.5310 84.6223 100.3975 111.5660 97.7342 98.0918 110.8498 88.7053 125.1429 111.4368 122.6914
/home/xuechao.shi/FER/FER_detector_lmks_tools/web_mutil_face/010.jpg 241.5988 51.8526 293.7399 119.3291 254.5345 76.9771 279.3367 76.2392 267.5183 89.6748 255.6524 97.6587 281.4725 96.8759
/home/xuechao.shi/FER/FER_detector_lmks_tools/web_mutil_face/010.jpg 408.1201 186.5247 464.4447 256.2995 425.6515 208.1887 451.3882 209.0923 440.1505 222.3617 426.3635 233.8917 450.7822 234.5681
/home/xuechao.shi/FER/FER_detector_lmks_tools/web_mutil_face/010.jpg 1000.5720 127.4807 1048.5234 195.6714 1016.1271 153.1363 1038.1456 152.5855 1028.7877 165.2620 1017.2337 177.0361 1036.7965 176.6078
/home/xuechao.shi/FER/FER_detector_lmks_tools/web_mutil_face/010.jpg 26.9694 44.9569 73.4122 106.8626 41.7137 65.0174 62.4972 67.5222 51.9936 77.1519 40.5717 87.2942 59.7989 89.3708
/home/xuechao.shi/FER/FER_detector_lmks_tools/web_mutil_face/010.jpg 432.9077 115.7945 483.9762 180.3237 446.0142 138.9134 469.7214 137.8270 457.6597 148.2312 446.8333 159.6817 470.3606 158.6797
/home/xuechao.shi/FER/FER_detector_lmks_tools/web_mutil_face/010.jpg 442.5592 56.2705 494.5839 113.1828 455.9616 74.3705 478.9729 73.0693 466.7660 78.1865 457.2395 93.6919 478.4958 92.6324
/home/xuechao.shi/FER/FER_detector_lmks_tools/web_mutil_face/010.jpg 389.2062 50.8614 434.8289 108.9559 402.9508 71.4452 422.7824 72.8387 412.6265 79.8094 403.3334 91.4740 420.2779 92.7110
/home/xuechao.shi/FER/FER_detector_lmks_tools/web_mutil_face/010.jpg 320.7540 49.5454 356.6288 95.6660 330.2825 65.6517 347.3252 66.5681 338.3309 75.1882 330.6559 82.4371 345.4413 83.1635
/home/xuechao.shi/FER/FER_detector_lmks_tools/web_mutil_face/010.jpg 314.8494 153.4891 358.3690 213.9076 326.1195 175.7834 345.5416 177.4810 333.3604 186.5937 324.6194 196.5484 341.3681 197.9055
/home/xuechao.shi/FER/FER_detector_lmks_tools/web_mutil_face/012.jpg 729.1389 196.3371 827.3950 322.0021 757.6806 246.1332 803.5125 249.5646 779.7397 272.1682 756.2886 286.9003 796.9958 289.6391
/home/xuechao.shi/FER/FER_detector_lmks_tools/web_mutil_face/012.jpg 466.4146 206.9205 561.8610 337.9158 492.9862 259.5339 536.8604 255.9586 517.9152 279.0261 497.9549 301.6398 540.1122 298.4626
/home/xuechao.shi/FER/FER_detector_lmks_tools/web_mutil_face/012.jpg 216.5981 132.5155 313.8577 248.8866 243.6480 169.2063 288.6471 174.3885 262.8070 186.0683 242.9585 214.2019 277.6240 218.4306
/home/xuechao.shi/FER/FER_detector_lmks_tools/web_mutil_face/012.jpg 365.2703 95.2580 458.9874 209.3650 388.9804 139.6427 432.2424 135.7905 411.9044 156.7688 398.1503 182.2939 430.1830 178.7210
/home/xuechao.shi/FER/FER_detector_lmks_tools/web_mutil_face/012.jpg 594.9953 95.1653 688.9354 215.5260 619.0416 136.5707 664.0074 140.7936 638.1605 159.1086 619.8331 183.5584 653.6924 187.0544
/home/xuechao.shi/FER/FER_detector_lmks_tools/web_mutil_face/006.jpg 667.8598 244.1961 710.9214 296.0805 676.5532 262.4349 696.1040 262.0631 684.6259 272.9804 678.8647 282.3018 694.7654 281.9450
/home/xuechao.shi/FER/FER_detector_lmks_tools/web_mutil_face/006.jpg 296.4817 235.9379 341.7418 293.2548 309.7981 257.3341 330.6869 257.9322 320.8464 268.4161 310.4630 276.7591 328.8710 277.2657
/home/xuechao.shi/FER/FER_detector_lmks_tools/web_mutil_face/006.jpg 393.0443 396.5022 442.0480 458.9100 406.8123 419.9828 429.5392 419.9539 418.9132 432.0236 408.6150 441.7393 428.1812 441.6990
/home/xuechao.shi/FER/FER_detector_lmks_tools/web_mutil_face/006.jpg 393.7994 238.5684 440.4404 297.9594 406.0446 261.1671 427.3441 261.2675 416.4950 274.0744 407.6288 282.6435 425.2140 282.7526
/home/xuechao.shi/FER/FER_detector_lmks_tools/web_mutil_face/006.jpg 504.3318 371.9155 554.8632 438.6252 514.6100 397.7166 537.9215 400.8652 521.5416 412.4805 513.2409 419.4402 533.6508 421.9231
/home/xuechao.shi/FER/FER_detector_lmks_tools/web_mutil_face/006.jpg 484.0789 264.9985 523.1077 317.0712 495.8257 285.8302 513.7307 286.4943 505.1005 296.3325 496.2821 303.2492 511.7560 303.8161
/home/xuechao.shi/FER/FER_detector_lmks_tools/web_mutil_face/006.jpg 216.8141 245.4621 268.5090 309.2923 232.7397 269.5985 256.6895 271.9644 245.0781 285.2648 232.5770 292.1006 252.7810 294.0564
/home/xuechao.shi/FER/FER_detector_lmks_tools/web_mutil_face/006.jpg 776.6266 226.5280 829.9204 289.2869 787.2789 253.2726 810.6292 248.0373 798.7248 262.5608 793.9330 274.6790 813.2013 270.3082
/home/xuechao.shi/FER/FER_detector_lmks_tools/web_mutil_face/006.jpg 556.8657 267.1326 600.9911 318.4695 565.3559 285.4783 584.9269 284.5985 572.7270 294.8083 567.9370 304.7593 583.7552 303.9556
/home/xuechao.shi/FER/FER_detector_lmks_tools/web_mutil_face/006.jpg 260.0649 372.9610 313.3630 439.3306 275.3189 396.0992 300.3102 399.6022 286.6854 411.4874 274.1723 419.5778 295.7808 422.4200
/home/xuechao.shi/FER/FER_detector_lmks_tools/web_mutil_face/006.jpg 600.6398 374.0908 654.9070 438.5562 610.5899 397.1680 635.0099 400.0024 617.8921 413.5284 610.1841 420.9034 630.2562 423.1680
/home/xuechao.shi/FER/FER_detector_lmks_tools/web_mutil_face/006.jpg 127.2367 221.6535 181.3863 286.8394 142.3611 245.2421 167.5929 246.3831 155.0025 260.4215 143.2878 269.2074 164.3542 270.1689
/home/xuechao.shi/FER/FER_detector_lmks_tools/web_mutil_face/009.jpg 461.0237 552.2946 524.4836 634.3219 477.1103 583.3039 506.5545 581.3555 492.3337 598.8005 481.1197 612.6967 506.4632 611.1166
/home/xuechao.shi/FER/FER_detector_lmks_tools/web_mutil_face/009.jpg 1270.4409 556.4252 1337.9937 640.5747 1282.8290 591.7797 1311.6699 583.6816 1296.8823 602.8833 1292.9821 621.6646 1316.4344 614.9258
/home/xuechao.shi/FER/FER_detector_lmks_tools/web_mutil_face/009.jpg 1583.8442 565.5204 1653.3394 643.3584 1601.1605 587.8782 1633.6677 592.3035 1614.1488 605.2872 1600.4988 617.9891 1627.9672 621.4385
/home/xuechao.shi/FER/FER_detector_lmks_tools/web_mutil_face/009.jpg 1079.5144 544.1893 1146.1267 624.1735 1092.0443 574.2773 1122.3632 568.8525 1105.8268 584.8290 1098.6724 603.4933 1123.9987 598.9395
/home/xuechao.shi/FER/FER_detector_lmks_tools/web_mutil_face/009.jpg 653.9394 578.2217 714.3137 651.2565 675.8052 601.8044 702.3481 604.8970 691.3287 619.0781 675.2009 630.2548 696.4241 632.8874
/home/xuechao.shi/FER/FER_detector_lmks_tools/web_mutil_face/009.jpg 1472.3070 492.5023 1542.0793 581.8126 1484.9230 523.6221 1514.6936 525.0367 1492.0983 538.3668 1484.7423 556.3454 1509.1185 557.3745
/home/xuechao.shi/FER/FER_detector_lmks_tools/web_mutil_face/009.jpg 909.1717 544.9098 968.8835 623.3939 925.5131 572.9697 952.9594 571.8189 940.6422 587.7978 929.1552 602.5037 952.1354 601.6007
/home/xuechao.shi/FER/FER_detector_lmks_tools/web_mutil_face/009.jpg 267.0761 583.1068 338.1977 662.7296 289.7531 607.1810 320.3755 616.6614 299.8141 626.1028 282.9460 636.0293 308.4530 643.6765
/home/xuechao.shi/FER/FER_detector_lmks_tools/web_mutil_face/009.jpg 786.2806 548.2025 849.7642 623.9982 803.3825 570.7400 831.8724 575.1289 814.9274 588.1548 802.8224 601.2956 825.8612 604.7487
/home/xuechao.shi/FER/FER_detector_lmks_tools/web_mutil_face/011.jpg 155.4837 92.2020 290.8370 282.5966 194.9604 167.7867 259.3650 173.2505 226.9807 208.6740 194.6088 234.9690 247.5160 239.5972
/home/xuechao.shi/FER/FER_detector_lmks_tools/web_mutil_face/011.jpg 338.9382 87.0582 495.6526 293.0455 376.9000 181.0262 443.2171 164.6411 416.0764 214.9467 396.9551 244.4240 457.9707 230.1662
/home/xuechao.shi/FER/FER_detector_lmks_tools/web_mutil_face/002.jpg 444.8842 77.8644 550.6953 220.3834 474.2392 132.1564 524.2553 132.0454 499.9312 155.6577 476.7013 182.2238 520.0487 182.0387
/home/xuechao.shi/FER/FER_detector_lmks_tools/web_mutil_face/002.jpg 256.4188 194.9214 344.1045 318.5425 276.6390 249.6530 319.4039 244.1458 299.8004 274.5049 281.3918 285.8690 324.8300 280.9463
/home/xuechao.shi/FER/FER_detector_lmks_tools/web_mutil_face/002.jpg 118.5625 57.6539 216.3381 188.1835 150.3502 110.1466 195.6498 117.4150 172.1408 144.3868 144.8508 152.4415 185.3038 158.5876
/home/xuechao.shi/FER/FER_detector_lmks_tools/web_mutil_face/007.jpg 1035.7699 1180.7518 1198.1667 1367.3115 1079.2032 1242.9907 1151.3829 1241.8948 1112.3192 1273.6647 1084.3960 1312.7874 1144.3138 1311.5344
/home/xuechao.shi/FER/FER_detector_lmks_tools/web_mutil_face/007.jpg 425.4899 1019.0693 629.5512 1267.4569 495.6682 1109.9502 586.0255 1112.0200 551.8934 1152.2926 504.6814 1199.1288 578.2505 1201.2147
/home/xuechao.shi/FER/FER_detector_lmks_tools/web_mutil_face/007.jpg 2116.5203 1057.1256 2302.1460 1316.0914 2174.7693 1158.1775 2257.2505 1158.1632 2220.0789 1207.6283 2178.1040 1246.1259 2251.8191 1246.3447
/home/xuechao.shi/FER/FER_detector_lmks_tools/web_mutil_face/007.jpg 2581.6882 1143.2617 2773.6902 1386.4155 2622.9578 1248.8313 2709.9971 1226.7980 2672.3625 1288.8225 2644.2559 1324.6082 2726.6375 1305.5876
/home/xuechao.shi/FER/FER_detector_lmks_tools/web_mutil_face/007.jpg 1573.9686 905.6076 1766.3309 1150.9364 1634.4232 992.4017 1718.4668 1005.6988 1672.2638 1044.5664 1629.8008 1080.0544 1697.9467 1091.6373
/home/xuechao.shi/FER/FER_detector_lmks_tools/web_mutil_face/008.jpg 165.0563 134.0823 353.7703 388.3922 221.9362 230.2340 308.2343 236.7503 264.9380 282.3893 220.4017 319.1552 295.4526 324.7241
/home/xuechao.shi/FER/FER_detector_lmks_tools/web_mutil_face/008.jpg 177.7522 458.5228 359.5404 701.2799 215.2744 553.1004 298.8987 548.3183 251.8985 603.1597 228.3699 637.0047 301.2400 632.7729
/home/xuechao.shi/FER/FER_detector_lmks_tools/web_mutil_face/001.jpg 71.1213 88.6476 143.3846 187.9259 90.8850 129.6854 124.7621 128.9720 108.8406 151.2832 93.2403 162.3401 123.4560 161.5910
/home/xuechao.shi/FER/FER_detector_lmks_tools/web_mutil_face/001.jpg 220.9687 58.8667 288.1188 154.3615 240.9155 97.0333 272.5289 98.7283 256.9234 118.2868 240.6870 129.8096 268.0352 131.1340
/home/xuechao.shi/FER/FER_detector_lmks_tools/web_mutil_face/005.jpg 271.2161 130.7903 353.1583 241.4827 299.0999 175.6806 335.1103 179.3106 318.2632 202.5254 297.1666 211.8489 328.9615 214.7840
/home/xuechao.shi/FER/FER_detector_lmks_tools/web_mutil_face/005.jpg 357.2714 158.2713 414.3117 232.1384 371.8672 191.2507 397.5667 192.3942 382.9333 207.6642 373.4112 216.2552 392.1454 217.2987
/home/xuechao.shi/FER/FER_detector_lmks_tools/web_mutil_face/005.jpg 539.9846 90.5042 616.6678 190.1330 559.1335 132.9037 593.5155 133.1606 574.4683 155.0073 558.9957 161.6179 592.9501 161.6780
/home/xuechao.shi/FER/FER_detector_lmks_tools/web_mutil_face/005.jpg 147.7251 66.7570 225.2260 170.2398 177.5314 104.5161 210.1309 113.9847 193.3737 129.7445 169.7256 139.4799 198.8076 147.5397
/home/xuechao.shi/FER/FER_detector_lmks_tools/web_mutil_face/005.jpg 274.3334 38.5580 343.5304 123.2419 296.8448 71.4221 327.4961 76.6381 310.9962 92.1631 294.2732 100.3878 319.0884 104.9048
/home/xuechao.shi/FER/FER_detector_lmks_tools/web_mutil_face/005.jpg 437.9983 76.0702 500.7393 159.8417 453.9164 107.4027 482.7159 111.2673 464.9151 126.2624 451.1436 133.7390 478.9085 136.9970
/home/xuechao.shi/FER/FER_detector_lmks_tools/web_mutil_face/005.jpg 466.6184 172.9153 531.2793 260.2255 480.3217 205.7285 511.9358 207.9831 492.8217 226.4765 480.9698 237.2581 507.6730 238.9916
/home/xuechao.shi/FER/FER_detector_lmks_tools/web_mutil_face/004.jpg 3472.1611 838.6147 3625.2668 1020.8963 3520.9429 904.7024 3590.4487 904.3652 3563.4629 943.8964 3528.4482 971.7381 3585.7700 971.4553
/home/xuechao.shi/FER/FER_detector_lmks_tools/web_mutil_face/004.jpg 1243.7828 1326.0565 1397.3928 1515.9680 1274.6840 1400.7651 1346.2692 1396.6381 1308.2823 1443.7369 1286.6653 1469.4034 1345.7874 1465.9240
/home/xuechao.shi/FER/FER_detector_lmks_tools/web_mutil_face/004.jpg 3119.4353 1318.7955 3271.6526 1510.7844 3170.0054 1398.0167 3238.7642 1396.5337 3211.9138 1438.7825 3175.3882 1463.2791 3232.2249 1462.2748
/home/xuechao.shi/FER/FER_detector_lmks_tools/web_mutil_face/004.jpg 2333.2239 1357.8566 2497.3120 1559.6360 2379.2781 1436.0155 2454.1125 1432.1139 2421.9285 1479.0688 2389.5630 1508.5365 2451.7957 1505.5172
/home/xuechao.shi/FER/FER_detector_lmks_tools/web_mutil_face/004.jpg 523.9645 1272.5437 699.7387 1497.7780 580.7850 1367.1227 663.3602 1362.9784 632.0107 1412.1769 588.3473 1440.8285 659.8221 1437.5813
/home/xuechao.shi/FER/FER_detector_lmks_tools/web_mutil_face/004.jpg 2719.9983 1307.0835 2884.4934 1514.7573 2767.0872 1389.7960 2842.8376 1391.1199 2807.6831 1436.1550 2772.3369 1461.6060 2835.7942 1462.5573
/home/xuechao.shi/FER/FER_detector_lmks_tools/web_mutil_face/004.jpg 1008.9430 1378.8352 1168.6373 1580.1700 1044.8959 1459.6383 1119.5162 1458.4744 1080.9353 1507.4176 1054.4752 1532.1716 1115.5825 1531.0647
/home/xuechao.shi/FER/FER_detector_lmks_tools/web_mutil_face/004.jpg 2487.5405 568.1406 2628.9583 735.8112 2521.0671 624.8484 2587.3855 623.6776 2553.9309 656.4474 2529.4492 687.4313 2586.5054 686.2035
/home/xuechao.shi/FER/FER_detector_lmks_tools/web_mutil_face/004.jpg 676.7576 972.9803 831.7761 1172.8395 707.7737 1057.9741 774.5605 1046.9659 739.6337 1094.7607 726.3428 1127.2349 780.6773 1118.0052
/home/xuechao.shi/FER/FER_detector_lmks_tools/web_mutil_face/004.jpg 2009.5889 1355.8367 2183.0991 1588.0659 2058.8174 1448.9829 2136.7078 1453.4926 2096.2937 1500.5808 2058.8704 1527.1562 2124.2034 1531.1029
/home/xuechao.shi/FER/FER_detector_lmks_tools/web_mutil_face/004.jpg 2783.0332 460.9936 2918.9780 638.2665 2819.9224 530.8120 2883.4700 525.8421 2856.9575 566.1718 2830.0742 593.6726 2883.7974 589.7274
/home/xuechao.shi/FER/FER_detector_lmks_tools/web_mutil_face/004.jpg 1042.3370 883.2139 1199.4764 1077.2972 1087.8876 957.1423 1159.7845 954.2369 1128.2797 995.2047 1095.3535 1025.0210 1156.6162 1022.8419
/home/xuechao.shi/FER/FER_detector_lmks_tools/web_mutil_face/004.jpg 3625.6724 1257.6400 3787.7400 1461.6559 3696.3381 1345.9835 3761.4417 1340.5199 3750.8689 1383.1816 3707.9290 1414.2227 3758.3464 1410.8405
/home/xuechao.shi/FER/FER_detector_lmks_tools/web_mutil_face/004.jpg 3125.6707 1022.4059 3264.8242 1201.4441 3173.7502 1091.0422 3234.9614 1097.9088 3206.0745 1130.6019 3170.9995 1152.7161 3221.9419 1158.5099
/home/xuechao.shi/FER/FER_detector_lmks_tools/web_mutil_face/004.jpg 1735.9066 1000.2167 1875.1296 1159.6357 1768.8267 1053.6003 1832.0225 1055.4235 1795.9856 1084.2025 1773.0657 1112.4884 1825.9766 1113.6526
/home/xuechao.shi/FER/FER_detector_lmks_tools/web_mutil_face/004.jpg 863.5938 574.6102 1026.6837 786.1660 902.1541 665.3644 974.3958 655.6934 939.1067 703.1060 915.3477 734.8673 976.9634 727.0498
/home/xuechao.shi/FER/FER_detector_lmks_tools/web_mutil_face/004.jpg 457.9751 489.5429 620.3586 691.1794 504.5051 565.0154 579.0325 558.9532 547.4394 597.0571 514.0732 635.0458 578.6682 630.2695
/home/xuechao.shi/FER/FER_detector_lmks_tools/web_mutil_face/004.jpg 3562.5754 549.7618 3714.2068 747.1729 3590.8557 627.6551 3659.5051 627.5104 3614.8174 666.2809 3595.6333 695.5001 3653.7908 695.1429
/home/xuechao.shi/FER/FER_detector_lmks_tools/web_mutil_face/004.jpg 2189.0466 993.6224 2343.6704 1189.6698 2235.6157 1067.8036 2305.8499 1066.4939 2275.3513 1107.4924 2242.7317 1138.2054 2301.4321 1137.1241
/home/xuechao.shi/FER/FER_detector_lmks_tools/web_mutil_face/004.jpg 2165.2996 756.7473 2314.7227 940.4716 2204.6355 829.6808 2271.2424 830.4139 2236.4297 868.1016 2209.7634 893.1068 2264.7505 893.5715
/home/xuechao.shi/FER/FER_detector_lmks_tools/web_mutil_face/004.jpg 1413.3829 863.4993 1571.5311 1068.7886 1454.5674 942.3062 1528.9053 946.2950 1488.5273 984.6281 1455.6202 1011.1833 1520.8806 1014.3889
/home/xuechao.shi/FER/FER_detector_lmks_tools/web_mutil_face/004.jpg 2671.1965 1005.8044 2829.8162 1193.8429 2712.9424 1073.3822 2785.1797 1076.3357 2747.3560 1114.8813 2718.1177 1142.5370 2777.4326 1144.6592
/home/xuechao.shi/FER/FER_detector_lmks_tools/web_mutil_face/004.jpg 3142.9978 537.8005 3304.4937 737.7462 3200.6216 615.5711 3271.9373 609.2623 3252.4592 650.0446 3215.6707 687.4304 3273.0188 682.7164
/home/xuechao.shi/FER/FER_detector_lmks_tools/web_mutil_face/004.jpg 1860.5061 752.0767 1998.7373 918.0128 1900.9805 811.3292 1961.5278 814.9534 1929.1469 845.3115 1902.8074 872.4965 1951.9174 875.2486
/home/xuechao.shi/FER/FER_detector_lmks_tools/web_mutil_face/004.jpg 1268.3011 554.5507 1419.7411 749.3796 1313.2882 635.2084 1382.2936 630.4122 1354.1847 669.7896 1321.4917 697.3599 1382.8777 693.7672
